Jogo 1: [4, 14, 32, 39, 42, 57]
Jogo 2: [10, 24, 30, 44, 48, 60]
Jogo 3: [6, 25, 26, 29, 35, 41]
Jogo 4: [1, 35, 40, 48, 53, 58]
Jogo 5: [14, 36, 41, 44, 55, 60]
Jogo 6: [1, 10, 21, 34, 46, 55]
Jogo 7: [1, 3, 10, 11, 43, 49]
Jogo 8: [8, 11, 22, 24, 59, 60]
Jogo 9: [5, 11, 15, 17, 19, 36]
Jogo 10: [8, 12, 18, 29, 46, 59]
Jogo 11: [5, 10, 21, 39, 40, 46]
Jogo 12: [33, 34, 43, 44, 45, 57]
Jogo 13: [18, 24, 33, 50, 56, 57]
Jogo 14: [3, 13, 20, 23, 33, 35]
Jogo 15: [1, 22, 34, 35, 48, 59]
Jogo 16: [2, 16, 22, 28, 30, 52]
Jogo 17: [11, 14, 25, 31, 38, 45]
Jogo 18: [3, 10, 11, 30, 37, 57]
Jogo 19: [1, 6, 12, 23, 24, 53]
Jogo 20: [11, 28, 31, 33, 44, 60]
Jogo 21: [12, 17, 31, 33, 39, 46]
Jogo 22: [3, 11, 38, 39, 57, 59]
Jogo 23: [6, 7, 25, 41, 44, 49]
Jogo 24: [5, 15, 20, 24, 32, 44]
Jogo 25: [11, 18, 21, 25, 48, 59]
Jogo 26: [4, 14, 16, 17, 26, 55]
Jogo 27: [4, 6, 44, 48, 57, 59]
Jogo 28: [10, 25, 33, 35, 36, 45]
Jogo 29: [5, 15, 28, 36, 47, 53]
Jogo 30: [9, 12, 15, 22, 46, 59]
Jogo 31: [3, 4, 21, 33, 43, 59]
Jogo 32: [10, 23, 28, 38, 40, 42]
Jogo 33: [1, 7, 12, 33, 45, 46]
Jogo 34: [2, 12, 16, 40, 53, 56]
Jogo 35: [2, 16, 26, 54, 55, 60]
Jogo 36: [12, 16, 26, 37, 52, 58]
Jogo 37: [3, 5, 17, 29, 33, 49]
Jogo 38: [8, 16, 19, 47, 57, 58]
Jogo 39: [10, 26, 37, 38, 47, 48]
Jogo 40: [15, 16, 33, 38, 49, 58]
Jogo 41: [4, 31, 36, 51, 52, 59]
Jogo 42: [10, 15, 31, 32, 39, 58]
Jogo 43: [13, 38, 40, 45, 47, 48]
Jogo 44: [1, 8, 28, 37, 40, 41]
Jogo 45: [7, 22, 23, 25, 44, 46]
Jogo 46: [5, 17, 49, 52, 56, 60]
Jogo 47: [9, 18, 24, 28, 48, 56]
Jogo 48: [11, 14, 18, 35, 38, 60]
Jogo 49: [6, 23, 24, 39, 58, 59]
Jogo 50: [10, 13, 15, 19, 41, 57]
Jogo 51: [5, 14, 30, 40, 48, 51]
Jogo 52: [10, 21, 27, 32, 47, 58]
Jogo 53: [1, 15, 17, 37, 47, 50]
Jogo 54: [3, 4, 26, 31, 53, 58]
Jogo 55: [3, 16, 21, 23, 46, 48]
Jogo 56: [2, 7, 11, 24, 28, 56]
Jogo 57: [10, 18, 26, 45, 47, 59]
Jogo 58: [3, 4, 5, 20, 21, 54]
Jogo 59: [2, 14, 24, 25, 34, 44]
Jogo 60: [8, 21, 22, 27, 39, 59]
Jogo 61: [1, 5, 23, 43, 44, 51]
Jogo 62: [7, 27, 30, 33, 39, 45]
Jogo 63: [6, 8, 21, 28, 46, 56]
Jogo 64: [13, 25, 31, 43, 46, 51]
Jogo 65: [6, 10, 23, 24, 36, 50]
Jogo 66: [3, 12, 17, 29, 30, 42]
Jogo 67: [1, 26, 34, 43, 47, 57]
Jogo 68: [7, 35, 36, 38, 41, 49]
Jogo 69: [18, 21, 40, 49, 54, 60]
Jogo 70: [12, 21, 26, 27, 44, 47]
Jogo 71: [18, 37, 41, 51, 54, 56]
Jogo 72: [29, 32, 33, 39, 58, 60]
Jogo 73: [6, 9, 19, 40, 43, 44]
Jogo 74: [4, 15, 23, 49, 51, 53]
Jogo 75: [12, 33, 36, 38, 47, 58]
Jogo 76: [1, 9, 26, 29, 30, 57]
Jogo 77: [7, 15, 24, 34, 41, 51]
Jogo 78: [3, 4, 26, 29, 50, 58]
Jogo 79: [8, 14, 21, 34, 36, 49]
Jogo 80: [5, 13, 23, 25, 31, 37]
Jogo 81: [5, 6, 7, 9, 17, 49]
Jogo 82: [2, 9, 14, 34, 40, 46]
Jogo 83: [12, 21, 26, 27, 44, 47]
Jogo 84: [19, 27, 29, 44, 49, 54]
Jogo 85: [11, 26, 33, 39, 47, 48]
Jogo 86: [9, 30, 35, 36, 48, 49]
Jogo 87: [1, 4, 10, 13, 23, 30]
Jogo 88: [6, 13, 23, 26, 36, 37]
Jogo 89: [5, 16, 18, 23, 45, 57]
Jogo 90: [6, 27, 37, 43, 52, 55]
Jogo 91: [5, 8, 34, 35, 37, 50]
Jogo 92: [20, 23, 27, 33, 35, 47]
Jogo 93: [1, 12, 23, 49, 50, 57]
Jogo 94: [8, 10, 18, 32, 35, 41]
Jogo 95: [9, 13, 39, 52, 58, 59]
Jogo 96: [13, 23, 33, 39, 40, 56]
Jogo 97: [1, 3, 25, 44, 49, 59]
Jogo 98: [5, 13, 41, 48, 49, 50]
Jogo 99: [12, 19, 38, 52, 53, 59]
Jogo 100: [3, 11, 21, 25, 30, 58]
